%YAML:1.0
---
m: !!opencv-matrix
   rows: 3
   cols: 3
   dt: d
   data: [ 8.1379741097849558e+02, 0., 5.2129529081933094e+02, 0.,
       8.1544713346409060e+02, 4.3373295759839749e+02, 0., 0., 1. ]
d: !!opencv-matrix
   rows: 1
   cols: 5
   dt: d
   data: [ -3.3512581791625279e-01, 1.3408380559937458e-01,
       -9.0713024895846476e-04, -8.4580074085403530e-04,
       -2.7337034871482781e-02 ]
s: [ 1024, 768 ]
err: 1.4358908827899658e-01
